         1       -0.82516757932078055315
         2       -0.81103695320540603042
         3       -0.80232718771513822364
         4       -0.78083660285906453247
         5       -0.77900888829745373876
         6       -0.76705855525540200812
         7       -0.76506008654827739601
         8       -0.76331952088244525712
         9       -0.75788028311013799776
        10       -0.75528508989007037133
        11       -0.75108093861934754898
        12       -0.72197808758712667121
        13       -0.71923503245591891009
        14       -0.71573939145953813235
        15       -0.70979360875995745062
        16       -0.68711102333048423851
        17       -0.68577390923618497531
        18       -0.66333737852816365699
        19       -0.65927261908541190394
        20       -0.65869296084615458486
        21       -0.65092610792636873551
        22       -0.64993172385654696122
        23       -0.64674362671429486138
        24       -0.64536400078122968527
        25       -0.64202956199813643323
        26       -0.63833473263367879191
        27       -0.63112558439042498737
        28       -0.61603579047709866590
        29       -0.61165655438583377279
        30       -0.61098335368276635027
        31       -0.60182990961008575592
        32       -0.59979325023726060007
        33       -0.59392518617026857086
        34       -0.57634001396566691966
        35       -0.57389178744385493935
        36       -0.57167686328687983277
        37       -0.56855781851695696982
        38       -0.56272130880735304892
        39       -0.56038951541206583062
        40       -0.55606510803627562378
        41       -0.55412090135472868990
        42       -0.54300163663899780886
        43       -0.52858420316429322039
        44       -0.52016393819575812429
        45       -0.51770353379218903012
        46       -0.51412597247719393767
        47       -0.51021725219007774133
        48       -0.50775988967425889076
        49       -0.50576375935944750672
        50       -0.49235039694652599218
        51       -0.44084642966401149655
        52       -0.44043396546333163366
        53       -0.43899580860229259205
        54       -0.43476374727756428307
        55       -0.43360834542994364238
        56       -0.43063224250039439100
        57       -0.42982726965118445150
        58       -0.42604725855940911439
        59       -0.42290582602893767028
        60       -0.41862108727483671178
        61       -0.41691848552208715661
        62       -0.41362827061738333123
        63       -0.41075405012897858725
        64       -0.39016457415139477183
        65       -0.38860029645230509399
        66       -0.38653438428193331866
        67       -0.38429173976499542142
        68       -0.37930898099733095785
        69       -0.37716828177527889077
        70       -0.37300416943481551346
        71       -0.37113394920804959609
        72       -0.36934112872607216538
        73       -0.36517345569699799501
        74       -0.34778303332058435604
        75       -0.34640317668099906978
        76       -0.34118304201226407057
        77       -0.33872962083380719900
        78       -0.33746458639671134128
        79       -0.33130332974306692106
        80       -0.32968342209406631405
        81       -0.32638380302280511902
        82       -0.32420324887026613636
        83       -0.32228377968402061038
        84       -0.31942229440483088654
        85       -0.31684437575595547631
        86       -0.31538158137144323145
        87       -0.31529475497245984528
        88       -0.31249663886854689432
        89       -0.31172736084974145276
        90       -0.30851954555603439134
        91       -0.30695828946664371895
        92       -0.30441507124279926222
        93       -0.30307697038848674387
        94       -0.30015629650222647173
        95       -0.29571991348141074551
        96       -0.29399124669747778160
        97       -0.28931344698000616145
        98       -0.28677802860871837165
        99       -0.28561565959880058641
       100       -0.28292652183352068329
       101       -0.28086858583529428213
       102       -0.27853511188102680896
       103       -0.27817066476136903530
       104       -0.27600343461403148426
       105       -0.27327506818051910953
       106       -0.27063128373087486089
       107       -0.26755490369281997864
       108       -0.26644073160427356184
       109       -0.26514079911314031301
       110       -0.26379363438004721498
       111       -0.26352412356263932303
       112       -0.25911730688708545234
       113       -0.25751573027984431263
       114       -0.25678135296545417932
       115       -0.25502920585238852969
       116       -0.25436766663200138794
       117       -0.25150773793067449091
       118       -0.25004499685746067739
       119       -0.24911836628138159244
       120       -0.24732587113948656388
       121       -0.24285455342607242812
       122       -0.23733682957866147900
       123       -0.23322017565825675645
       124       -0.22822063149349514077
       125       -0.22720713140205420211
       126       -0.22428935222283763462
       127       -0.21971054729746089529
       128       -0.21770336316595820247
       129       -0.21684557801100801111
       130       -0.21314930723288008640
       131       -0.21138804370448710523
       132       -0.20812611100889363835
       133       -0.20477118919580439282
       134       -0.20160507261021853864
       135       -0.19608499982142929552
       136       -0.19267446256186746001
       137       -0.19224141953625059620
       138       -0.19042545285562054169
       139       -0.18489648278800160930
       140       -0.18132818724213844996
       141       -0.17933094755826545219
       142       -0.17657859491667071694
       143       -0.17558417470134221605
       144       -0.17223844748706962360
       145       -0.16997973086589304725
       146       -0.16022850980162764434
       147       -0.15295523930643828425
       148       -0.14692096274595833894
       149       -0.13771426138946071815
       150       -0.12523724417297513178
       151       -0.05056441474549355081
       152       -0.04936161697453912006
       153       -0.04617382328622218757
       154       -0.04266487230434003186
       155       -0.03860836744347698885
       156       -0.03724339054970205592
       157       -0.03502522430880021520
       158       -0.03274513183757536694
       159       -0.03184463988322760314
       160       -0.03058288543596736700
       161       -0.02830922174464981997
       162       -0.01420630262499907558
       163       -0.01232274173087980970
       164       -0.01003891757108970467
       165       -0.00981499959516233048
       166        0.00319595293902887176
       167        0.00588663773971263762
       168        0.01801009318934387177
       169        0.02059459992992657834
       170        0.02203950112853403712
       171        0.02273894914966018491
       172        0.02405100658143461551
       173        0.02507435703440138650
       174        0.02597136046636038670
       175        0.02643619898044743954
       176        0.02833490819715226566
       177        0.02968955603756152570
       178        0.03961422599296984121
       179        0.03992398466539830160
       180        0.04133697293629728237
       181        0.04413419589892346451
       182        0.04713785469387993948
       183        0.05002929403653233464
       184        0.06193862007815207488
       185        0.06257959879669798553
       186        0.06458269142748815361
       187        0.06538522984431234530
       188        0.06749223952779559443
       189        0.06891989518666677417
       190        0.06984594032238662653
       191        0.07163044195430295913
       192        0.07412753922734519052
       193        0.08642140932368443107
       194        0.08950884510005635564
       195        0.09153971453759944532
       196        0.09352946785742825841
       197        0.09748597075964177128
       198        0.09941946869178812374
       199        0.10377078247406493205
       200        0.10851708967978493381
       201        0.15787579701181822522
       202        0.16317609908280142350
       203        0.17154735859215242133
       204        0.17329116530398511187
       205        0.17438677610333561119
       206        0.17595594956257853969
       207        0.17724707772643499837
       208        0.18001069698046451295
       209        0.19685427214087744541
       210        0.19729990754325452129
       211        0.19838542412919818458
       212        0.19952069566343902385
       213        0.20064988344917308871
       214        0.20165227093300114314
       215        0.20302293322916142859
       216        0.20378976693899761297
       217        0.20421077689356417761
       218        0.21703489146005419674
       219        0.21902285703234031233
       220        0.21967579576537726860
       221        0.22103192814464717175
       222        0.22314445510298785980
       223        0.22531223667877975370
       224        0.23061001143874901298
       225        0.23197947447998257253
       226        0.23277839138902117755
       227        0.23567099130154611775
       228        0.23832353953028581617
       229        0.23991896867311243713
       230        0.24243961509516154251
       231        0.24382310700292769701
       232        0.24407437075207208399
       233        0.24684376168767238613
       234        0.26121449290956366696
       235        0.26564591750718702379
       236        0.27071112748536624304
       237        0.27344790181565353793
       238        0.27506058226403173883
       239        0.27524777191798643905
       240        0.28758056158834277571
       241        0.28875592114000325772
       242        0.29136751035797286979
       243        0.29208668245001412345
       244        0.29471265304403682084
       245        0.29546122877061503642
       246        0.29638477219397513229
       247        0.29927268369315995766
       248        0.30744091250662386461
       249        0.31071664151370925744
       250        0.31174832726462264887
       251        0.39600800941602010141
       252        0.40593859177112939784
       253        0.41277015356649154887
       254        0.41493388679846460176
       255        0.41712742836718436079
       256        0.41847082538777863325
       257        0.42195070778672644218
       258        0.42283380543856285971
       259        0.42691137264242501326
       260        0.42929351212485200584
       261        0.43156179297771823933
       262        0.43376232257519853341
       263        0.43575107026236115093
       264        0.43595501620722643121
       265        0.43788878893215338328
       266        0.43945473566240700336
       267        0.44152806614576967092
       268        0.44246537036050698211
       269        0.44492009906479512704
       270        0.44731792966149491741
       271        0.44852496193124014034
       272        0.44922005448111551607
       273        0.45041916457655550854
       274        0.45262710991582638664
       275        0.45350999501349692489
       276        0.45509609307559345526
       277        0.45617124864790170591
       278        0.45810508288331203142
       279        0.45849044471253980193
       280        0.46041254457568553393
       281        0.46088245110042308506
       282        0.46163113037710173936
       283        0.46191499855292211807
       284        0.46348502705337601970
       285        0.46552229339903949956
       286        0.46612345997104753792
       287        0.46691699509018297354
       288        0.46778408774411994742
       289        0.46973596948675605534
       290        0.47175068893247223967
       291        0.47252590293630908347
       292        0.47327479634263425190
       293        0.47465189948180158686
       294        0.47482771841005733116
       295        0.47656184113232558097
       296        0.47708563722668484441
       297        0.47762061288602153386
       298        0.47927308749909963703
       299        0.48106250146545825874
       300        0.48160939893539705947
       301        0.48214512156145783450
       302        0.48249833977396539009
       303        0.48464894913300299306
       304        0.48551961082454930807
       305        0.48603074628760539744
       306        0.48724124694803910840
       307        0.48851761078049044107
       308        0.49007091286651277562
       309        0.49165417853172854734
       310        0.49240145470268109618
       311        0.49366119237525951657
       312        0.49397142848289382622
       313        0.49594325504284048067
       314        0.49633118217006078066
       315        0.49747813264778617537
       316        0.49883485492767687397
       317        0.49970887567568256227
       318        0.50137789159752021995
       319        0.50195175503420141894
       320        0.50288694151580692893
       321        0.50381892723924281974
       322        0.50506025896648687468
       323        0.50607979596002705680
       324        0.50728072995851369864
       325        0.50954938671616223367
       326        0.51172690228839856630
       327        0.51229520463117828033
       328        0.51477536767148746044
       329        0.51516202122931131768
       330        0.51659971579243613160
       331        0.51784203621634095072
       332        0.52005015344750626927
       333        0.52245592783540339976
       334        0.52469134409601714264
       335        0.52515070129068841531
       336        0.52758973533646080778
       337        0.52865464043906740255
       338        0.53119400178173536986
       339        0.53266962111658544554
       340        0.53406151963922343651
       341        0.53510561092713759823
       342        0.53676008284066545340
       343        0.53789575567931613431
       344        0.54157667464113978806
       345        0.54277093634672746170
       346        0.54337352421616180731
       347        0.54420585545203270517
       348        0.54707633465606697598
       349        0.54784234143309318288
       350        0.55210863241989094341
       351        0.55463163806029736058
       352        0.55611572860480729119
       353        0.56033384958007914634
       354        0.56186255290109554661
       355        0.56398709055412066249
       356        0.56446373295515517299
       357        0.56619912038342157246
       358        0.56676514552070123010
       359        0.56904499486676751729
       360        0.56992444002563524830
       361        0.57094160171421626249
       362        0.57142442837784446219
       363        0.57410472047572380649
       364        0.57427355365074028715
       365        0.57512591654296230104
       366        0.57517740055972843560
       367        0.57614695238557667167
       368        0.57876127302812940822
       369        0.57920848555213944042
       370        0.57945824501472698032
       371        0.58050844641519672162
       372        0.58360290276300230694
       373        0.58455856551809404209
       374        0.58614339769461576424
       375        0.58722092250010593517
       376        0.58986587295063652725
       377        0.59135730918848850024
       378        0.59306124090373546487
       379        0.59436181319970837755
       380        0.59658193776171131173
       381        0.59748852826115228520
       382        0.59971720350862300908
       383        0.60052696469740063367
       384        0.60148846515436005244
       385        0.60393453879278291563
       386        0.60449825281746893957
       387        0.60655335124994957940
       388        0.60721825749586821885
       389        0.60938715146143207502
       390        0.61073792676409033309
       391        0.61098951193231010315
       392        0.61268658234816475439
       393        0.61511231263046295403
       394        0.61768889774875446186
       395        0.61819960185700761901
       396        0.62197060957804439774
       397        0.62546029192698637811
       398        0.62645905358303044519
       399        0.63314033614045717169
       400        0.63794441352814146295
